GPAGEID,REC_TYPE,REC_TYPE_DESC,SUMNO_ROOMSPERREC_TYPE,SUMARRIVAL_ROOMSPERREC_TYPE,SUMCOMPLIMENTARY_ROOMSPERREC_T,SUMHOUSE_USE_ROOMSPERREC_TYPE,SUMIND_DEDUCT_ROOMSPERREC_TYPE,SUMIND_NON_DEDUCT_ROOMSPERREC_,SUMGRP_DEDUCT_ROOMSPERREC_TYPE,SUMGRP_NON_DEDUCT_ROOMSPERREC_,SUMDEPARTURE_ROOMSPERREC_TYPE,SUMOOO_ROOMSPERREC_TYPE,SUMNO_PERSONSPERREC_TYPE,SUMINVENTORY_ROOMSPERREC_TYPE,SUMREVENUEPERREC_TYPE,SUMOWNER_ROOMSPERREC_TYPE,SUMFF_ROOMSPERREC_TYPE,CF_AVERAGE_ROOM_RATE_REC_TYPE,CF_OCCUPANCY_REC_TYPE,REVENUE,NO_ROOMS,IND_DEDUCT_ROOMS,IND_NON_DEDUCT_ROOMS,GRP_DEDUCT_ROOMS,GRP_NON_DEDUCT_ROOMS,NO_PERSONS,ARRIVAL_ROOMS,DEPARTURE_ROOMS,COMPLIMENTARY_ROOMS,HOUSE_USE_ROOMS,INVENTORY_ROOMS,CONSIDERED_DATE,CHAR_CONSIDERED_DATE,IND_DEDUCT_REVENUE,IND_NON_DEDUCT_REVENUE,GRP_NON_DEDUCT_REVENUE,GRP_DEDUCT_REVENUE,OWNER_ROOMS,FF_ROOMS,CF_OOO_ROOMS,CF_AVERAGE_ROOM_RATE,CF_OCCUPANCY,CF_IND_DED_REV,CF_IND_NON_DED_REV,CF_BLK_DED_REV,CF_BLK_NON_DED_REV
,A_STAT,History,562,131,0,0,377,0,185,0,125,10,755,588,58123.37,0,0,103.422366548042704626334519572953736655,97.2318339100346020761245674740484429066,7824.49,80,57,0,23,0,98,34,26,0,0,84,01-AUG-16,08-01-16 Mon,5639.49,0,0,2185,0,0,2,97.806125,97.5609756097560975609756097560975609756,5639.49,0,2185,0
,A_STAT,History,562,131,0,0,377,0,185,0,125,10,755,588,58123.37,0,0,103.422366548042704626334519572953736655,97.2318339100346020761245674740484429066,8263.08,82,59,0,23,0,102,8,5,0,0,84,02-AUG-16,08-02-16 Tue,6078.08,0,0,2185,0,0,0,100.769268292682926829268292682926829268,97.6190476190476190476190476190476190476,6078.08,0,2185,0
,A_STAT,History,562,131,0,0,377,0,185,0,125,10,755,588,58123.37,0,0,103.422366548042704626334519572953736655,97.2318339100346020761245674740484429066,8035,82,59,0,23,0,100,12,12,0,0,84,03-AUG-16,08-03-16 Wed,5850,0,0,2185,0,0,0,97.9878048780487804878048780487804878049,97.6190476190476190476190476190476190476,5850,0,2185,0
,A_STAT,History,562,131,0,0,377,0,185,0,125,10,755,588,58123.37,0,0,103.422366548042704626334519572953736655,97.2318339100346020761245674740484429066,8509.26,82,52,0,30,0,113,16,16,0,0,84,04-AUG-16,08-04-16 Thu,5281.26,0,0,3228,0,0,1,103.771463414634146341463414634146341463,98.7951807228915662650602409638554216868,5281.26,0,3228,0
,A_STAT,History,562,131,0,0,377,0,185,0,125,10,755,588,58123.37,0,0,103.422366548042704626334519572953736655,97.2318339100346020761245674740484429066,8271.29,79,47,0,32,0,111,14,17,0,0,84,05-AUG-16,08-05-16 Fri,4775.29,0,0,3496,0,0,2,104.699873417721518987341772151898734177,96.3414634146341463414634146341463414634,4775.29,0,3496,0
,A_STAT,History,562,131,0,0,377,0,185,0,125,10,755,588,58123.37,0,0,103.422366548042704626334519572953736655,97.2318339100346020761245674740484429066,8731.76,81,53,0,28,0,114,19,16,0,0,84,06-AUG-16,08-06-16 Sat,5703.76,0,0,3028,0,0,3,107.799506172839506172839506172839506173,100,5703.76,0,3028,0
,A_STAT,History,562,131,0,0,377,0,185,0,125,10,755,588,58123.37,0,0,103.422366548042704626334519572953736655,97.2318339100346020761245674740484429066,8488.49,76,50,0,26,0,117,28,33,0,0,84,07-AUG-16,08-07-16 Sun,5849.49,0,0,2639,0,0,2,111.690657894736842105263157894736842105,92.6829268292682926829268292682926829268,5849.49,0,2639,0
,B_FORE,Forecast,1341,215,0,0,764,0,577,0,258,6,1862,2016,135724.62,0,0,101.211498881431767337807606263982102908,66.7164179104477611940298507462686567164,8827.56,82,55,0,27,0,114,31,25,0,0,84,08-AUG-16,08-08-16 Mon,6357.56,0,0,2470,0,0,2,107.653170731707317073170731707317073171,100,6357.56,0,2470,0
,B_FORE,Forecast,1341,215,0,0,764,0,577,0,258,6,1862,2016,135724.62,0,0,101.211498881431767337807606263982102908,66.7164179104477611940298507462686567164,8626.31,78,52,0,26,0,109,6,10,0,0,84,09-AUG-16,08-09-16 Tue,6156.31,0,0,2470,0,0,2,110.593717948717948717948717948717948718,95.1219512195121951219512195121951219512,6156.31,0,2470,0
,B_FORE,Forecast,1341,215,0,0,764,0,577,0,258,6,1862,2016,135724.62,0,0,101.211498881431767337807606263982102908,66.7164179104477611940298507462686567164,8732.41,78,52,0,26,0,108,8,8,0,0,84,10-AUG-16,08-10-16 Wed,6262.41,0,0,2470,0,0,2,111.953974358974358974358974358974358974,95.1219512195121951219512195121951219512,6262.41,0,2470,0
,B_FORE,Forecast,1341,215,0,0,764,0,577,0,258,6,1862,2016,135724.62,0,0,101.211498881431767337807606263982102908,66.7164179104477611940298507462686567164,8037.44,76,49,0,27,0,110,7,9,0,0,84,11-AUG-16,08-11-16 Thu,5400.44,0,0,2637,0,0,0,105.755789473684210526315789473684210526,90.4761904761904761904761904761904761905,5400.44,0,2637,0
,B_FORE,Forecast,1341,215,0,0,764,0,577,0,258,6,1862,2016,135724.62,0,0,101.211498881431767337807606263982102908,66.7164179104477611940298507462686567164,6492.65,62,43,0,19,0,99,9,23,0,0,84,12-AUG-16,08-12-16 Fri,4581.65,0,0,1911,0,0,0,104.720161290322580645161290322580645161,73.8095238095238095238095238095238095238,4581.65,0,1911,0
,B_FORE,Forecast,1341,215,0,0,764,0,577,0,258,6,1862,2016,135724.62,0,0,101.211498881431767337807606263982102908,66.7164179104477611940298507462686567164,4483.24,42,37,0,5,0,68,4,24,0,0,84,13-AUG-16,08-13-16 Sat,3902.24,0,0,581,0,0,0,106.74380952380952380952380952380952381,50,3902.24,0,581,0
,B_FORE,Forecast,1341,215,0,0,764,0,577,0,258,6,1862,2016,135724.62,0,0,101.211498881431767337807606263982102908,66.7164179104477611940298507462686567164,4332.62,44,42,0,2,0,65,13,11,0,0,84,14-AUG-16,08-14-16 Sun,4142.62,0,0,190,0,0,0,98.4686363636363636363636363636363636364,52.3809523809523809523809523809523809524,4142.62,0,190,0
,B_FORE,Forecast,1341,215,0,0,764,0,577,0,258,6,1862,2016,135724.62,0,0,101.211498881431767337807606263982102908,66.7164179104477611940298507462686567164,6370.34,63,39,0,24,0,86,21,13,0,0,84,15-AUG-16,08-15-16 Mon,4090.34,0,0,2280,0,0,0,101.116507936507936507936507936507936508,75,4090.34,0,2280,0
,B_FORE,Forecast,1341,215,0,0,764,0,577,0,258,6,1862,2016,135724.62,0,0,101.211498881431767337807606263982102908,66.7164179104477611940298507462686567164,6708.41,65,41,0,24,0,89,4,2,0,0,84,16-AUG-16,08-16-16 Tue,4428.41,0,0,2280,0,0,0,103.206307692307692307692307692307692308,77.3809523809523809523809523809523809524,4428.41,0,2280,0
,B_FORE,Forecast,1341,215,0,0,764,0,577,0,258,6,1862,2016,135724.62,0,0,101.211498881431767337807606263982102908,66.7164179104477611940298507462686567164,6506.54,64,40,0,24,0,89,3,4,0,0,84,17-AUG-16,08-17-16 Wed,4226.54,0,0,2280,0,0,0,101.6646875,76.1904761904761904761904761904761904762,4226.54,0,2280,0
,B_FORE,Forecast,1341,215,0,0,764,0,577,0,258,6,1862,2016,135724.62,0,0,101.211498881431767337807606263982102908,66.7164179104477611940298507462686567164,5294.57,54,30,0,24,0,77,1,12,0,0,84,18-AUG-16,08-18-16 Thu,3014.57,0,0,2280,0,0,0,98.0475925925925925925925925925925925926,64.2857142857142857142857142857142857143,3014.57,0,2280,0
,B_FORE,Forecast,1341,215,0,0,764,0,577,0,258,6,1862,2016,135724.62,0,0,101.211498881431767337807606263982102908,66.7164179104477611940298507462686567164,4909.15,49,22,0,27,0,73,6,11,0,0,84,19-AUG-16,08-19-16 Fri,2242.15,0,0,2667,0,0,0,100.186734693877551020408163265306122449,58.3333333333333333333333333333333333333,2242.15,0,2667,0
,B_FORE,Forecast,1341,215,0,0,764,0,577,0,258,6,1862,2016,135724.62,0,0,101.211498881431767337807606263982102908,66.7164179104477611940298507462686567164,5689.25,55,16,0,39,0,76,12,18,0,0,84,20-AUG-16,08-20-16 Sat,1524.25,0,0,4165,0,0,0,103.440909090909090909090909090909090909,65.4761904761904761904761904761904761905,1524.25,0,4165,0
,B_FORE,Forecast,1341,215,0,0,764,0,577,0,258,6,1862,2016,135724.62,0,0,101.211498881431767337807606263982102908,66.7164179104477611940298507462686567164,6297.45,61,20,0,41,0,82,9,3,0,0,84,21-AUG-16,08-21-16 Sun,1894.45,0,0,4403,0,0,0,103.236885245901639344262295081967213115,72.6190476190476190476190476190476190476,1894.45,0,4403,0
,B_FORE,Forecast,1341,215,0,0,764,0,577,0,258,6,1862,2016,135724.62,0,0,101.211498881431767337807606263982102908,66.7164179104477611940298507462686567164,4907.45,50,26,0,24,0,67,20,19,0,0,84,22-AUG-16,08-22-16 Mon,2627.45,0,0,2280,0,0,0,98.149,59.5238095238095238095238095238095238095,2627.45,0,2280,0
,B_FORE,Forecast,1341,215,0,0,764,0,577,0,258,6,1862,2016,135724.62,0,0,101.211498881431767337807606263982102908,66.7164179104477611940298507462686567164,6045.81,58,34,0,24,0,74,12,4,0,0,84,23-AUG-16,08-23-16 Tue,3765.81,0,0,2280,0,0,0,104.238103448275862068965517241379310345,69.0476190476190476190476190476190476191,3765.81,0,2280,0
,B_FORE,Forecast,1341,215,0,0,764,0,577,0,258,6,1862,2016,135724.62,0,0,101.211498881431767337807606263982102908,66.7164179104477611940298507462686567164,4911.09,49,25,0,24,0,65,1,10,0,0,84,24-AUG-16,08-24-16 Wed,2631.09,0,0,2280,0,0,0,100.226326530612244897959183673469387755,58.3333333333333333333333333333333333333,2631.09,0,2280,0
,B_FORE,Forecast,1341,215,0,0,764,0,577,0,258,6,1862,2016,135724.62,0,0,101.211498881431767337807606263982102908,66.7164179104477611940298507462686567164,4265.44,44,20,0,24,0,59,3,8,0,0,84,25-AUG-16,08-25-16 Thu,1985.44,0,0,2280,0,0,0,96.9418181818181818181818181818181818182,52.3809523809523809523809523809523809524,1985.44,0,2280,0
,B_FORE,Forecast,1341,215,0,0,764,0,577,0,258,6,1862,2016,135724.62,0,0,101.211498881431767337807606263982102908,66.7164179104477611940298507462686567164,3904.45,42,18,0,24,0,57,3,5,0,0,84,26-AUG-16,08-26-16 Fri,1624.45,0,0,2280,0,0,0,92.9630952380952380952380952380952380952,50,1624.45,0,2280,0
,B_FORE,Forecast,1341,215,0,0,764,0,577,0,258,6,1862,2016,135724.62,0,0,101.211498881431767337807606263982102908,66.7164179104477611940298507462686567164,3895.44,42,18,0,24,0,49,2,14,0,0,84,27-AUG-16,08-27-16 Sat,1615.44,0,0,2280,0,0,0,92.7485714285714285714285714285714285714,50,1615.44,0,2280,0
,B_FORE,Forecast,1341,215,0,0,764,0,577,0,258,6,1862,2016,135724.62,0,0,101.211498881431767337807606263982102908,66.7164179104477611940298507462686567164,3794.25,46,22,0,24,0,53,10,6,0,0,84,28-AUG-16,08-28-16 Sun,1514.25,0,0,2280,0,0,0,82.4836956521739130434782608695652173913,54.7619047619047619047619047619047619048,1514.25,0,2280,0
,B_FORE,Forecast,1341,215,0,0,764,0,577,0,258,6,1862,2016,135724.62,0,0,101.211498881431767337807606263982102908,66.7164179104477611940298507462686567164,4221.25,45,21,0,24,0,64,21,10,0,0,84,29-AUG-16,08-29-16 Mon,1941.25,0,0,2280,0,0,0,93.8055555555555555555555555555555555556,53.5714285714285714285714285714285714286,1941.25,0,2280,0
,B_FORE,Forecast,1341,215,0,0,764,0,577,0,258,6,1862,2016,135724.62,0,0,101.211498881431767337807606263982102908,66.7164179104477611940298507462686567164,4141.25,46,22,0,24,0,67,4,3,0,0,84,30-AUG-16,08-30-16 Tue,1861.25,0,0,2280,0,0,0,90.0271739130434782608695652173913043478,54.7619047619047619047619047619047619048,1861.25,0,2280,0
,B_FORE,Forecast,1341,215,0,0,764,0,577,0,258,6,1862,2016,135724.62,0,0,101.211498881431767337807606263982102908,66.7164179104477611940298507462686567164,4330.25,46,20,0,26,0,62,5,6,0,0,84,31-AUG-16,08-31-16 Wed,1802.25,0,0,2528,0,0,0,94.1358695652173913043478260869565217391,54.7619047619047619047619047619047619048,1802.25,0,2528,0
SUMNO_ROOMSPERREPORT,SUMARRIVAL_ROOMSPERREPORT,SUMCOMPLIMENTARY_ROOMSPERREPOR,SUMHOUSE_USE_ROOMSPERREPORT,SUMIND_DEDUCT_ROOMSPERREPORT,SUMIND_NON_DEDUCT_ROOMSPERREPO,SUMGRP_DEDUCT_ROOMSPERREPORT,SUMGRP_NON_DEDUCT_ROOMSPERREPO,SUMDEPARTURE_ROOMSPERREPORT,SUMOOO_ROOMSPERREPORT,SUMNO_PERSONSPERREPORT,SUMREVENUEPERREPORT,SUMINVENTORY_ROOMSPERREPORT,CF_AVERAGE_ROOM_RATE_REPORT,CF_OCCUPANCY_REPORT,SUMOWNER_ROOMSPERREPORT,SUMFF_ROOMSPERREPORT
1903,346,0,0,1141,0,762,0,383,16,2617,193847.99,2604,101.864419337887545980031529164477141356,73.5316846986089644513137557959814528594,0,0
